0 0.843450 0.753741 0.044231 0.088205
5 0.597080 0.896334 0.146615 0.206663
5 0.526317 0.888738 0.137212 0.222523
0 0.907008 0.763601 0.044637 0.079319
28 0.370615 0.875679 0.156498 0.244928
28 0.312353 0.888734 0.097638 0.213063
28 0.330911 0.875046 0.127483 0.206748
9 0.905349 0.525548 0.017528 0.043801
28 0.305166 0.866785 0.204431 0.263068
28 0.886781 0.932102 0.165934 0.135168
0 0.914769 0.974820 0.043340 0.049370
28 0.214495 0.676525 0.084241 0.041893
28 0.251187 0.729818 0.115847 0.094731
28 0.213676 0.692503 0.084707 0.073762
