0 0.899710 0.759154 0.036591 0.085369
28 0.385361 0.875343 0.177482 0.229134
28 0.250461 0.731240 0.112167 0.098351
28 0.301963 0.866776 0.203429 0.263362
28 0.315956 0.840969 0.178279 0.219646
28 0.339054 0.874414 0.151164 0.220240
0 0.763238 0.737956 0.042247 0.087432
28 0.317012 0.889438 0.097198 0.211782
28 0.214508 0.673968 0.086801 0.037952
28 0.406883 0.891463 0.147809 0.214638
28 0.888701 0.931613 0.169787 0.136618
28 0.447521 0.932170 0.081187 0.133674
9 0.905083 0.525301 0.017388 0.043620
