0 0.903956 0.761388 0.044915 0.083936
0 0.841043 0.751863 0.044982 0.093617
5 0.596324 0.897589 0.147654 0.204046
28 0.379298 0.879600 0.183145 0.227453
28 0.333156 0.857751 0.134430 0.237189
28 0.301277 0.867015 0.202368 0.263737
28 0.251606 0.730712 0.114366 0.098773
5 0.519578 0.891027 0.129071 0.217946
9 0.905334 0.525859 0.017614 0.043877
28 0.316246 0.889054 0.097963 0.212018
28 0.214452 0.676952 0.085426 0.039683
28 0.352636 0.885346 0.144857 0.219147
5 0.570935 0.936751 0.103806 0.125401
